475817248421743
528684717842206
86059463891362
464322080594664
215282174220231
229700549082772
458511100559549
145770007270721
479341063665754
480875699214138
314058637804092
146069441747676
18718446804667
15986643956169
465800946203338
306793225368252
481286127383670
33180677874883
527763769859334
469650785063626
145268497459776
528055477482525
225408485098248
385945002718951
441195078504292
458978825447458
470845109643047
463743336734996
32128499565446
480479356124914
481652205004318
474861433410895
467254408736518
204764924792990
468272145066849
497012041284177
313667686080271
84605652812915
84596447538067
438161243071050
437791132740048
144194914018539
480118480569991
459142432667018
230113400587912
470454168993106
499853924623735
205190932271418
33712896376095
494398705771843
369115283437346
144434646008046
19618143820210
32155714822203
493283722615796
302489878833229
464503244194793
307230221187552
208718183210142
439048552637474
439534807658822
478263730887817
312811272853810
526074244731736
383876587828987
437445735682454
34337867148608
86542239061964
497158313254548
500136589963435
429026024642265
208370351528332
32510786750231
479573452832838
205675009851157
16129858311873
306704714274888
470253520149753
161643683287111
528599869870149
307022105168555
314772439140271
529761545891872
494291496068490
87836682933837
429338780274998
36004367205148
476603272598660
367496114240733
459491221827267
463549159048137
35464951337070
528878377997693
81270459848668
528915874721365
86447168103904
127846112861729
33655502800504
161574617477273
214120208818869
363048782889211
476561268997598
312913925066489
144982437470825
438680599006714
497173275011290
528874288252822
529225374799519
145614577369576
83475847777934
440032944544871
476063737765137
464905953424623
438574195471629
229799236225423
479415201599494
208168954121578
438860219622119
15442801965865
440792688490779
143958052173350
479807405893491
460736409451005
466799240644811
