417270233264984
14224643536999
249371968346974
435679439563325
53773188465390
126281452574122
475817248421743
209476665574491
416534595621402
444659639104379
168164605409982
334835909359805
528684717842206
86059463891362
380316140337312
43234422631780
347593418072177
464322080594664
456527594969670
215282174220231
229700549082772
458511100559549
418264519127388
145770007270721
266492398968408
127345928876632
500359168832723
275106075656032
105778311533435
479341063665754
68662427949054
480875699214138
198572401354507
155941563326933
506811095299167
314058637804092
356079539936085
235676646485387
73813973234506
146069441747676
18718446804667
276022874587480
77894004624546
15986643956169
74703310151746
195985271992762
138055992787671
454313083922677
449473564854956
298662992304284
236429044858672
350848180579824
286380519159668
465800946203338
306793225368252
397960837669751
204308952406833
5332656550212
207950041475572
396284316332409
379659441324655
194428709355045
279460434121196
490452836622911
333924531746098
78274836814650
389087616105274
481286127383670
33180677874883
274949176929992
527763769859334
394838673802869
469650785063626
159007805688758
455896978581450
275657888187193
354617190426279
287924781523701
25622522364457
389534719909319
123792720051454
66674775014163
444436681592575
145268497459776
528055477482525
225408485098248
385945002718951
295067398062001
276187280019874
278793993307426
75656553315225
441195078504292
498098840491784
296142949686765
458978825447458
243673235069240
486609706519567
447106670676791
558712689748779
547256147437840
249070775242775
51038978027298
354061276641946
497613228009801
239652904266317
470845109643047
519473935178555
463743336734996
328934262734465
235086705182584
254115997695283
32128499565446
63080803275488
494807833009248
328155384795138
480479356124914
481652205004318
93752760533196
257228589210317
157098513294570
217760930009905
205722130711021
474861433410895
72985490754119
346582974740791
538748064148111
288181602292539
390581022159711
467254408736518
96113037577542
4436738480901
243153888045300
237105446680223
11232529116767
356269103259268
59056447042791
204764924792990
66743414240907
468272145066849
159675974927063
366368626545260
14335041104082
497012041284177
313667686080271
456492752535990
287039110331610
521593250782070
84605652812915
84596447538067
68279021896235
295579605096812
62294569866097
377475335674445
349221307023812
305959412133449
379691942070323
316779622079844
316154875032559
438161243071050
437791132740048
210500557562917
518594012305851
326468732154814
371157800448208
369642567515959
407277194845282
489191418701928
488904007292128
44049532468260
390980316453461
132589783632537
115532032484779
354734769329072
64166375331091
144194914018539
445603119608357
249637642808387
358162031541914
53884762304177
497779116573797
319043948021542
356773832342936
136504381647739
516476422443162
185564796488638
454978117360752
480118480569991
459142432667018
45787668028077
17476114973935
381227909127479
350582192270523
230113400587912
354108404019562
470454168993106
280144282810756
175471556886458
158638537204813
23212379050071
95497284983761
97156613604225
294030660612698
510528487992104
238575580200042
156744775091624
65499063442228
417550871890227
295395899041306
500768176705488
56218193108321
242372569704393
360513019313375
398140942335468
210259835509207
499853924623735
519242529240175
183309644637083
418936723592169
205190932271418
33712896376095
23201452974265
494398705771843
327173803026407
369115283437346
144434646008046
505430409791676
19618143820210
490904864361351
32155714822203
114577527905614
423840503262925
196253819817563
500400623234330
447969168935231
358001613750219
490491321668148
493283722615796
302489878833229
495013765899131
394815044374739
296657336896227
328850671281289
389481353809004
359937519271548
327016994845206
464503244194793
387530982203971
235597159323192
539138260469324
416102095885854
184408486698811
72853573252794
307230221187552
208718183210142
85475563358082
439048552637474
93680673066572
335577882881430
284207372541459
439534807658822
62951269623136
7795947193503
194190566077552
168296899749644
274697313348062
478263730887817
416883569615692
136725279026111
406920589859872
22799532405021
254114455649461
104990319099389
294028780093422
456689490359781
497828684797910
54731808353017
156378669504087
548988637995994
123062560435724
391076366105052
6884879402707
498597365044429
390441014626557
329675870060976
555213273068052
249255158011198
538949282947726
196197988102626
312811272853810
485669870186874
511199043594652
506819339894425
526074244731736
388712580961781
456414040541168
326943910622866
194542551489050
137488424122242
227656157255778
132378524937589
454252870742934
135281837075949
383876587828987
238948305403770
437445735682454
379213990112929
34337867148608
297350884838117
198999601108724
158288273072696
267567787286367
447882575482086
390005102559579
185270934624696
208012073669107
508404694483572
408413247516419
558380403261330
131449982048331
86542239061964
274289528913351
275898557485501
497158313254548
254285377476261
489126583518036
405061016298013
434187088782275
276544790949015
246082063500747
77402687727500
500136589963435
217965731602965
118113751656246
429026024642265
208370351528332
389577558163516
415836771180145
32510786750231
479573452832838
356820975286835
77220754741864
265255859527646
187662036260970
44159353458813
205675009851157
209162225970226
126552717130865
537694475681942
16129858311873
406558243475209
414813971884885
166445521119759
258193897525780
259361542157044
306704714274888
135755106055079
244130745293657
408536333327485
107810837331359
284910345787006
185018969965357
65970078275621
470253520149753
161643683287111
132230548345331
548647547302593
247680336108197
107089372500486
433447533808783
196255974272770
528599869870149
328787103268445
365755468060296
307022105168555
246006602083654
185919863770600
515899382734125
508581145125899
518623236886156
69576212144565
317195606578441
398362177306622
394080520843900
314772439140271
337188710156848
529761545891872
85526680823296
53068597291337
217621552435387
176989738949355
124662764591310
558224345352173
357475309752342
295643047559471
496247539835523
353026401946126
134655711483979
335807764452577
207739690903197
520792015103503
545735856820161
255201909892093
522093028638616
361014686090466
22749448306174
447246981687804
13699282413272
417267623662228
107475339404339
510806875187339
386624808039169
8418829277187
494291496068490
288799377906226
158738238218326
353890049109841
518429096774451
87836682933837
52625276776155
550249326945159
429338780274998
267216882821215
406957054403535
398167749122229
36004367205148
54938444498399
136631503675256
113005072974716
65055033069585
537043019968191
476603272598660
300837101554756
504868993167456
27424169294192
386969796825838
255081411130076
13451213140569
155136186017734
258655342636806
334036328465912
132090285878237
388520108093791
79023610402621
386743531419885
247568916997206
72968443167249
76710409791576
239187798567826
260037506233019
197377602965277
347166407894067
13672850404311
237795124309123
367496114240733
509215453821213
424701168094531
326352251795679
72245328877641
107084674262434
459491221827267
491041684615282
125051209508764
448396520698779
360754780607448
495420800081650
11110405946214
463549159048137
58884451871719
126854306767525
55828684133200
76823273053826
157103442162547
297831711052286
175635081401523
132635950619001
357700338496654
284360316440540
319393675373641
107715113415816
502297377234208
115975496963469
136367673850153
436124321078925
237066955400610
225842232818783
81673967057812
255797850268244
283629339470153
35464951337070
317859205061918
516056372604020
327566984044775
396240683128638
488377991676964
246919329604239
371210101878345
424682795377861
4659994590307
436851022257833
22415833069678
56250741696209
498070299617537
194606455201358
165083964109101
17115109803128
369755120734801
528878377997693
346260851350547
81270459848668
528915874721365
209307057037354
104588754711586
519241764459210
283614086688322
404440903904106
289696070008943
550591902219243
497813676542263
424488409762048
510212146598334
86447168103904
394914711944661
138028264431749
127846112861729
95227564036602
33655502800504
337225484116032
113429999159969
433891427456118
394794516182229
545852051442338
558346108836322
416738443099575
161574617477273
354844649557266
448369944364581
491521151084653
22085035096921
58803155364631
214120208818869
236168261445080
67925402608689
363048782889211
94787029698092
375946034188233
177248448798641
51302238860258
507749120111726
476561268997598
312913925066489
26037097727160
144982437470825
296495906208680
438680599006714
429643622541649
348128645855160
497173275011290
204126248360340
505527979817527
329634699915169
389022234310062
277982498241758
528874288252822
196014629643597
529225374799519
378342314818775
145614577369576
57712111779633
50826942726721
246228697367539
83475847777934
62569965586920
500733026987925
183926289261916
500512725421577
440032944544871
436409641122584
476063737765137
335070622918544
464905953424623
423765969231332
438574195471629
455073744249756
365120264938473
320275526407238
229799236225423
176642367241503
117986743562127
479415201599494
176805090007048
5091162380344
504358320170281
265894068257778
167351876631132
124704959044617
279254305601617
287252887793925
208168954121578
206999292157513
78124421808241
438860219622119
548704204888361
117854468902935
15442801965865
440792688490779
143958052173350
105764333303929
56435158835677
45145053792093
406523883981013
287500579964733
479807405893491
460736409451005
133366013006983
370717106576732
466799240644811
429903382916175
197544706094109
354535834828033
188171237250860
132048468564151
279823513545612
58609737910842
